862
894
501
120
771
189
598
893
960
836
781
833
434
366
481
522
546
373
987
245
191
209
953
479
550
348
561
663
812
141
31
15
605
217
903
502
855
673
554
343
575
479
308
154
85
621
998
741
647
790
194
100
196
773
883
998
950
802
251
337
518
546
497
788
925
467
706
45
963
409
347
69
922
600
296
428
512
966
507
856
27
461
457
897
198
630
112
564
327
886
959
114
34
949
97
772
810
271
255
727
589
341
166
663
120
606
720
59
77
798
841
328
608
127
268
351
862
862
315
965
49
199
732
935
707
112
818
972
333
797
148
642
282
484
94
180
465
972
640
596
590
539
692
47
788
500
171
228
878
920
921
986
700
49
287
837
456
822
942
169
223
892
276
405
73
895
816
606
763
526
962
197
991
981
545
403
938
852
898
863
926
518
10
280
69
185
384
369
80
551
313
712
45
902
179
656
221
144
628
133
492
44
7
402
251
405
521
342
961
591
536
392
502
107
993
765
98
695
190
555
893
425
96
671
903
690
413
729
621
197
236
57
675
58
190
582
434
798
624
567
11
549
907
643
447
928
902
627
380
303
551
816
579
637
917
906
252
437
405
705
245
19
638
182
994
932
540
874
650
863
164
157
473
151
662
659
937
756
670
622
954
83
842
459
249
231
656
787
840
476
882
585
896
807
898
90
426
496
951
952
246
36
292
545
346
916
355
52
85
315
766
69
795
629
45
943
566
295
70
181
680
496
588
850
894
303
737
311
355
708
179
994
126
57
525
737
899
950
932
405
232
231
942
835
942
518
116
703
913
893
340
173
474
3
219
768
569
956
214
425
842
496
719
825
368
94
117
19
934
144
301
197
668
519
770
965
677
741
824
86
875
483
903
474
888
242
440
540
296
614
215
23
217
981
584
993
868
766
398
892
925
738
775
776
515
515
168
636
809
452
871
677
431
524
523
646
484
98
591
155
326
506
336
738
17
686
549
635
278
668
965
472
745
909
112
587
91
67
758
986
994
905
868
376
781
606
673
679
522
581
652
398
993
339
486
691
452
214
211
312
887
633
878
143
173
757
110
234
757
543
238
2
982
445
805
628
673
523
541
872
445
769
819
520
454
534
541
541
151
880
610
946
722
293
921
399
620
638
472
620
101
726
94
571
443
199
227
152
282
478
784
813
877
490
119
416
907
194
211
369
275
500
651
226
530
333
920
348
933
743
40
841
679
158
818
295
467
954
685
324
532
366
564
286
882
505
240
541
516
374
874
542
931
423
894
836
399
756
965
478
130
739
94
554
513
891
463
514
910
968
324
832
804
705
636
823
72
106
800
458
160
452
69
262
283
63
973
460
281
93
42
718
969
154
964
87
632
824
818
280
302
703
568
639
247
657
82
102
870
285
747
493
653
498
154
433
479
739
769
605
363
465
339
516
960
392
267
165
929
47
603
1
404
327
485
252
72
270
984
30
740
180
47
127
554
743
160
460
996
468
393
768
531
366
519
849
851
753
208
487
380
187
643
379
622
555
329
94
389
854
134
233
192
330
882
121
147
802
229
610
797
32
905
340
462
29
83
223
76
298
249
326
505
878
471
44
181
349
877
118
363
102
907
538
978
851
938
148
73
806
167
757
574
546
879
415
727
450
222
352
311
277
246
886
18
989
487
4
933
691
434
954
971
495
440
992
719
867
628
657
503
855
478
949
996
733
319
833
328
755
452
84
865
664
836
656
753
375
812
842
67
820
202
290
878
145
274
193
598
494
103
965
89
968
63
882
210
40
119
442
938
369
715
846
263
800
783
315
729
486
779
642
927
539
228
591
516
434
496
841
969
633
117
304
166
717
382
78
490
332
717
208
606
273
837
464
615
602
882
931
678
872
469
631
754
670
621
360
779
603
878
87
972
6
400
228
621
451
665
343
783
967
600
871
158
912
306
876
57
915
839
150
145
176
828
148
201
378
325
821
414
889
554
418
39
413
436
317
200
277
148
197
925
24
616
900
780
262
754
938
243
882
141
491
697
737
196
974
78
743
501
4
1
750
183
580
141
707
718
459
104
201
222
86
362
156
811
844
33
75
369
436
379
385
946
35
142
694
451
553
992
913
866
247
349
158
326
359
813
516
255
429
623
550
769
452
223
625
216
187
872
574
319
830
417
625
530
38
720
834
619
52
889
689
775
992
427
888
91
814
215
70
850
612
779
315
514
12
388
111
31
186
509
387
428
856
83
435
652
442
222
381
593
855
486
786
145
730
103
260
674
664
264
990
195
498
851
372
944
278
377
423
324
272
723
290
294
108
156
265
352
568
40
272
889
536
962
855
829
203
666
68
581
581
690
825
78
813
372
7
523
503
264
318
587
183
763
767
857
976
64
463
255
85
925
876
847
357
219
512
330
974
465
27
499
177
645
21
793
784
42
688
477
485
764
615
99
619
636
265
130
931
18
55
668
185
521
845
453
66
816
479
214
831
506
774
184
69
208
178
656
712
226
441
357
755
605
390
841
583
594
1000
144
178
205
993
442
467
498
627
650
845
164
8
988
576
680
571
520
659
332
223
830
61
799
353
573
938
466
314
711
690
197
400
879
24
81
387
741
20
257
479
727
52
805
976
729
519
419
677
932
768
773
275
414
413
847
430
52
238
629
592
689
310
775
555
127
240
166
589
94
960
123
531
71
631
572
852
772
23
692
480
178
739
366
947
783
569
626
918
130
546
939
448
941
129
739
330
9
278
525
232
822
285
930
756
571
407
777
918
36
353
949
894
94
708
429
842
64
779
545
78
62
691
72
975
47
173
883
966
129
40
684
728
300
11
313
209
693
159
583
177
719
112
882
74
225
395
774
847
863
442
342
145
450
326
579
163
685
217
698
49
512
939
970
895
758
113
421
8
584
95
195
111
75
81
73
471
451
125
403
11
437
37
762
595
272
885
426
787
614
945
706
72
715
116
899
613
515
647
631
720
500
23
704
162
867
862
492
412
651
297
437
858
523
242
62
260
456
946
458
581
547
313
761
285
273
174
585
460
27
232
356
2
416
922
189
713
925
977
304
9
812
217
883
5
715
992
812
917
929
683
617
112
647
857
733
642
39
561
71
683
120
343
169
453
495
557
393
415
280
238
29
893
538
413
526
768
960
615
881
375
181
81
874
189
799
33
962
953
823
174
367
601
660
441
275
257
649
575
17
833
395
757
710
62
654
828
269
815
363
985
173
204
257
90
853
132
645
971
168
379
104
910
177
68
765
120
468
690
309
321
742
715
148
295
118
369
279
479
421
301
463
137
344
335
713
847
495
14
190
496
767
733
194
719
912
778
591
661
16
654
890
802
265
381
848
269
163
610
729
29
63
392
683
794
576
564
977
737
543
744
527
432
405
991
403
408
845
498
629
566
364
682
800
263
956
768
657
751
286
810
194
925
675
729
768
485
872
848
12
247
283
79
305
104
826
865
345
685
493
73
390
23
751
143
427
8
686
705
343
947
398
649
413
770
799
858
604
295
693
376
724
831
615
720
315
406
688
75
31
565
835
69
454
954
498
355
16
488
102
488
332
841
21
752
952
581
546
444
46
482
784
487
625
961
928
720
61
529
975
419
146
66
213
269
68
141
497
280
439
168
916
149
253
960
534
52
682
50
706
572
155
311
513
670
983
849
591
949
991
108
798
694
73
802
855
492
96
510
268
884
363
176
162
727
967
139
139
945
622
635
334
314
676
850
125
383
541
152
984
619
466
161
870
68
579
218
35
860
522
404
877
987
709
523
636
652
512
561
160
75
161
240
888
648
494
595
124
324
736
292
847
457
116
612
69
978
343
685
668
417
607
937
911
433
305
180
991
390
52
50
755
973
171
222
232
216
728
932
234
906
813
212
700
669
37
927
996
341
890
103
819
269
47
430
337
127
642
234
191
296
475
797
37
394
638
762
591
159
926
123
249
278
954
667
348
780
352
552
415
63
374
470
92
29
627
21
833
995
219
556
969
408
129
801
188
343
580
915
770
942
260
687
889
598
694
621
842
659
836
452
763
547
615
932
103
416
171
841
717
662
812
961
992
647
289
979
497
12
810
519
824
480
784
101
603
975
780
226
803
658
853
980
132
361
772
635
1000
42
400
759
936
255
759
530
355
213
534
610
878
852
882
134
287
140
351
191
218
384
332
128
418
240
970
958
281
516
581
279
311
463
538
337
418
90
709
973
16
453
736
213
242
663
271
282
486
999
259
686
85
984
282
539
756
435
652
225
986
192
384
434
39
586
367
868
930
894
935
768
194
483
201
971
846
193
109
118
549
774
674
790
972
699
373
788
382
891
968
407
329
70
495
382
926
272
979
702
447
17
637
927
228
856
609
834
375
454
798
31
631
106
42
99
956
682
976
643
848
250
214
32
273
697
962
970
213
675
914
544
761
725
193
593
443
619
597
385
599
523
615
154
453
89
458
35
210
47
607
334
836
224
675
83
619
521
639
238
216
563
986
126
934
966
240
295
93
369
530
258
74
360
534
559
326
245
826
549
123
389
415
19
866
490
363
78
392
112
397
36
986
801
423
990
970
72
373
935
563
828
141
443
105
90
994
340
633
814
79
807
876
327
141
115
945
240
456
416
350
324
88
304
860
353
766
576
830
105
686
114
997
607
395
519
258
752
174
712
744
256
647
743
401
61
311
36
958
287
388
822
185
536
357
927
197
599
765
63
562
874
91
867
447
400
543
890
321
179
286
162
889
536
464
762
958
661
909
923
579
615
391
757
966
30
707
406
479
451
342
689
938
926
969
5
495
782
753
955
163
95
448
395
267
943
774
403
675
744
775
126
945
55
491
980
506
903
755
924
975
966
344
254
617
722
940
670
857
330
131
170
297
457
871
460
630
202
310
56
871
153
735
553
427
780
83
596
922
599
564
626
453
149
633
535
507
390
171
50
220
890
856
929
361
563
722
134
815
485
557
857
264
164
928
919
603
513
647
855
715
687
201
544
353
548
807
233
258
618
747
126
74
118
347
579
275
489
331
445
242
432
994
584
386
83
849
654
875
567
627
404
656
583
178
356
272
691
960
525
415
187
672
612
578
100
646
362
547
947
958
944
971
978
795
116
399
140
327
320
415
240
671
966
560
436
221
17
585
957
805
15
929
298
820
592
788
775
118
712
559
346
566
177
600
662
506
475
789
458
994
807
291
107
425
566
100
601
883
723
445
928
739
217
358
950
565
704
354
781
75
223
665
838
285
952
81
869
575
467
869
776
381
135
47
968
384
417
788
580
997
595
970
306
300
181
259
970
539
178
421
247
840
950
957
415
856
457
714
811
353
41
996
669
25
611
592
872
231
15
414
208
655
230
487
314
255
378
730
175
679
914
823
276
824
434
262
477
404
995
121
17
83
539
598
550
851
681
655
69
200
27
23
810
420
557
100
973
230
650
85
504
71
550
170
115
362
876
696
550
183
293
297
349
277
481
793
301
809
585
251
674
587
300
101
90
725
675
951
649
58
725
876
626
666
735
52
899
601
187
98
73
722
42
272
737
927
617
296
872
455
967
825
68
919
556
319
584
994
840
613
488
682
863
657
629
825
643
879
284
909
136
413
172
445
988
651
700
183
283
634
477
137
677
713
939
450
71
290
26
922
28
277
671
854
950
102
730
578
204
424
14
444
406
993
574
25
575
775
20
483
396
241
719
438
694
736
682
783
944
585
165
552
996
467
491
337
131
979
724
993
60
844
291
818
837
369
452
328
598
275
727
287
505
789
809
810
976
354
912
546
39
964
258
385
866
787
657
219
695
226
611
438
76
439
385
917
833
631
327
882
767
122
18
683
992
486
221
256
477
818
802
676
653
369
336
654
325
244
868
707
541
278
317
922
425
304
348
166
445
976
645
910
985
889
187
571
412
321
289
527
154
259
439
691
95
840
414
224
174
94
747
323
718
926
613
794
678
13
944
108
562
878
407
44
24
538
184
902
569
373
273
42
660
727
586
183
297
785
694
193
603
660
205
293
938
733
550
489
642
533
214
288
212
404
797
367
91
860
806
73
730
125
444
148
117
528
427
266
835
397
704
899
38
797
948
76
826
487
491
196
650
360
378
155
408
532
125
349
161
188
579
609
190
70
757
956
692
407
641
415
774
396
670
91
19
804
853
639
490
348
155
418
445
8
618
156
481
764
389
704
512
824
208
942
734
844
722
308
920
195
657
659
96
655
913
357
67
372
670
730
868
154
875
943
641
104
870
121
189
949
337
680
519
257
215
695
144
548
837
521
382
7
110
86
593
339
799
295
619
712
243
67
646
268
450
159
395
55
16
992
27
748
930
544
574
519
585
957
29
609
376
110
137
383
487
510
391
64
515
191
739
786
92
970
182
219
208
168
589
281
12
424
864
341
507
343
308
54
736
940
701
571
963
802
980
172
500
136
441
249
399
960
373
778
678
609
798
830
78
853
501
355
979
164
364
243
909
546
367
640
656
94
47
731
810
647
973
317
663
484
685
288
629
560
885
419
907
392
107
697
638
694
559
178
115
381
63
257
964
469
317
674
285
730
600
232
362
618
250
333
72
394
200
2
227
699
893
652
987
971
548
434
553
516
965
818
422
438
441
214
346
359
605
645
856
979
626
412
247
210
850
71
47
824
774
432
558
669
330
613
824
690
279
503
600
857
528
217
480
167
90
251
452
609
829
31
118
794
886
87
191
307
100
191
754
188
194
82
215
452
101
308
701
291
246
909
46
30
718
86
261
301
560
523
27
13
357
666
961
505
285
58
65
512
99
588
823
681
864
32
111
818
386
760
211
942
693
558
910
748
965
684
968
541
634
319
487
177
935
892
52
710
419
910
430
906
708
398
127
85
506
308
996
514
991
590
390
217
734
461
190
166
453
732
345
472
373
345
569
722
66
609
307
304
938
622
228
628
632
582
397
602
538
262
202
260
458
674
148
949
126
691
262
598
60
248
799
257
65
203
923
641
526
211
240
158
745
578
586
122
885
369
845
651
620
83
590
494
135
418
692
95
930
144
996
613
147
380
576
965
128
316
110
883
448
164
453
594
491
349
57
200
578
95
129
996
994
282
332
987
205
911
477
308
800
264
279
535
966
566
329
694
831
994
585
513
912
77
606
153
509
472
75
623
517
273
311
931
418
515
855
623
861
566
226
855
851
808
213
30
252
697
410
623
602
34
243
258
859
997
694
505
387
916
814
448
62
140
49
982
884
560
972
977
240
782
293
422
973
798
778
591
234
71
900
818
410
832
63
260
732
859
100
145
767
941
514
756
310
767
854
48
888
732
959
243
915
67
526
749
324
940
872
316
43
535
787
539
402
964
313
60
872
709
250
357
660
261
83
578
215
62
340
10
737
132
656
881
961
758
385
174
380
931
989
8
104
997
327
765
340
637
12
151
151
722
652
632
926
634
750
853
295
758
274
116
41
456
246
238
511
331
93
97
185
476
330
771
680
453
82
703
608
10
240
416
14
408
983
34
564
222
906
224
479
822
68
627
180
292
36
727
523
529
813
938
213
97
318
414
903
124
564
34
886
304
792
762
619
530
104
315
313
684
918
787
932
865
67
1000
68
46
938
65
661
563
612
30
629
625
380
638
555
147
547
652
452
435
515
640
313
329
492
978
495
157
301
43
214
847
313
728
204
485
238
48
802
363
427
690
364
777
889
621
926
211
253
994
549
852
695
561
413
908
361
796
850
735
990
510
248
56
28
184
922
118
858
484
614
837
101
319
667
642
576
989
168
409
920
704
860
277
7
299
23
541
274
596
798
890
999
100
667
123
152
97
843
100
289
725
10
421
698
792
869
853
744
771
49
364
904
755
129
26
54
173
647
464
94
192
436
369
998
527
852
816
214
297
680
539
972
202
658
714
892
315
146
67
732
625
742
993
219
989
559
886
313
861
560
648
477
407
923
212
419
457
162
453
70
620
400
152
963
106
741
660
208
621
60
509
61
164
247
252
282
678
892
664
81
658
434
291
997
334
881
544
115
162
9
729
281
67
604
819
925
326
581
87
673
2
782
275
750
325
19
11
770
707
71
569
876
845
642
628
945
749
516
359
504
442
273
665
82
707
269
930
424
982
155
38
926
519
338
61
612
547
391
877
215
11
727
876
796
723
316
677
111
344
606
263
306
658
33
927
581
500
420
363
476
478
79
881
173
42
888
212
672
652
587
323
123
669
180
694
972
541
816
181
899
291
491
644
561
436
302
414
362
278
464
322
817
243
979
933
277
243
77
744
135
89
567
665
921
187
806
710
495
525
65
173
865
502
429
389
114
914
195
761
856
300
275
474
693
262
869
950
519
597
817
70
780
803
797
697
812
720
727
179
35
907
486
397
947
766
640
400
880
611
500
418
966
765
768
98
223
127
321
328
320
648
902
957
27
681
692
378
781
492
561
485
697
691
253
20
802
743
415
298
539
826
268
532
549
472
895
620
175
99
908
501
603
71
580
8
1
233
188
187
662
334
784
852
476
663
925
795
216
402
184
487
47
422
20
540
10
225
702
153
976
242
174
257
692
317
567
807
712
240
747
121
145
657
404
516
895
456
622
899
870
685
611
647
186
30
423
682
210
392
995
965
42
206
997
809
480
851
845
953
615
993
184
469
296
87
995
295
648
333
612
583
70
950
5
604
391
337
802
253
660
758
440
81
269
891
434
408
790
894
180
784
756
420
426
196
678
896
391
755
252
569
607
761
871
387
758
626
162
979
39
924
518
794
115
932
514
70
49
887
929
825
548
401
73
285
45
144
715
487
674
144
628
156
526
660
289
718
243
912
3
495
597
91
890
865
8
171
41
729
981
56
860
891
28
95
601
320
592
803
287
788
817
606
778
804
397
241
618
824
44
614
839
506
440
234
423
99
3
521
40
271
871
395
138
570
65
237
713
355
470
750
688
254
632
300
679
702
372
791
327
483
566
119
836
72
848
964
696
435
936
7
772
800
663
868
548
234
986
518
697
250
486
919
746
331
368
545
270
225
276
276
411
759
65
891
104
20
320
449
55
206
195
544
872
640
308
207
431
614
351
631
838
900
403
415
461
387
610
173
997
542
175
951
854
803
712
716
426
971
461
456
713
317
600
750
430
665
791
945
277
780
753
908
754
870
915
960
329
760
588
372
632
821
990
609
673
126
413
620
586
253
913
334
649
948
167
140
117
132
656
448
917
213
161
452
842
659
698
390
757
775
865
800
211
278
684
993
361
571
897
354
145
350
426
666
256
127
525
976
829
307
808
773
207
53
411
687
339
966
574
985
520
665
946
900
209
669
802
618
63
454
144
825
687
547
873
223
51
723
52
393
884
634
995
714
50
550
95
534
588
157
273
729
573
211
515
648
259
323
417
848
684
754
518
125
988
821
350
323
867
528
39
996
105
922
739
719
186
953
327
231
703
550
83
355
475
787
633
851
22
241
205
718
804
273
789
74
589
741
787
891
261
221
241
219
812
629
915
278
270
745
98
100
325
812
501
232
102
508
929
82
330
598
426
632
802
140
365
102
589
957
346
36
869
926
974
69
519
194
449
20
746
48
252
917
763
981
411
403
177
119
683
54
625
668
849
306
108
698
288
418
718
807
179
828
25
917
267
293
952
642
833
344
102
599
564
256
288
638
868
77
350
351
714
787
687
69
183
958
806
167
526
568
657
2
828
226
175
152
217
778
187
663
909
170
295
953
727
565
761
437
780
202
959
496
70
920
604
837
656
380
223
686
459
799
775
627
934
727
320
84
134
358
750
448
904
160
880
869
447
362
893
198
11
711
156
254
81
675
648
834
206
470
100
888
239
27
515
965
75
320
431
380
838
473
996
616
283
47
985
606
104
47
902
260
371
931
695
37
878
570
625
650
811
891
978
121
322
367
446
805
459
971
117
988
251
525
148
462
908
953
907
238
411
166
640
577
664
577
980
18
322
202
367
240
668
535
21
300
453
273
957
993
826
33
119
195
816
221
536
401
490
158
497
318
229
193
124
776
633
13
622
269
260
156
89
792
958
16
744
670
898
700
88
458
726
765
399
532
285
380
325
506
932
853
517
729
731
135
231
37
447
848
41
80
675
975
400
946
647
101
878
834
969
941
884
853
12
808
991
277
888
617
586
347
420
395
215
695
446
606
5
903
434
372
458
390
70
667
280
691
175
493
597
572
444
714
581
401
277
106
152
32
959
413
47
124
270
702
301
705
542
831
44
456
563
252
645
614
341
909
423
170
12
762
798
586
52
602
864
231
35
818
927
236
977
176
586
535
475
631
876
21
305
55
810
311
630
498
183
574
408
919
319
926
202
369
95
482
56
144
732
833
264
258
580
590
285
204
332
181
546
636
689
825
779
353
804
194
942
824
614
366
304
776
877
426
864
568
894
411
575
642
361
956
244
493
508
929
621
817
936
237
599
596
186
173
308
839
956
930
503
608
239
891
226
680
609
812
733
509
138
529
492
915
929
228
660
196
793
674
796
649
571
397
306
822
606
133
623
284
84
705
529
364
332
473
262
756
846
869
904
79
373
247
383
638
523
815
890
911
397
60
387
912
110
122
76
878
681
334
258
806
884
362
888
201
250
782
814
236
393
667
882
224
861
857
281
621
439
535
937
208
314
175
330
109
299
897
772
784
448
156
545
644
13
544
271
512
149
913
50
591
443
693
99
697
612
889
543
103
874
154
363
52
351
437
300
818
697
171
92
480
206
108
255
578
184
788
165
954
540
745
100
886
757
513
13
866
183
129
801
465
100
826
434
181
383
340
176
248
440
659
183
936
59
5
108
886
554
985
863
716
433
313
743
923
191
792
112
705
637
343
538
115
475
219
365
65
321
417
169
774
693
522
257
439
478
107
544
404
870
777
754
771
991
625
755
190
844
741
192
345
584
402
90
84
730
777
573
569
370
787
60
900
1000
384
18
32
495
846
818
633
200
90
176
78
677
303
586
500
758
291
48
56
537
880
87
11
169
532
275
354
746
202
165
798
944
256
916
817
325
638
588
598
196
926
719
15
319
102
245
319
633
334
27
604
759
803
59
662
25
568
859
732
812
849
21
924
110
641
583
886
600
999
266
72
209
186
784
342
382
3
202
800
874
201
160
450
706
405
757
919
332
794
250
281
602
859
952
120
809
576
654
903
912
98
162
893
882
646
509
200
321
331
286
818
47
423
496
672
744
865
994
582
508
908
585
140
664
457
381
352
907
864
328
434
994
295
958
567
918
101
308
581
978
162
633
471
481
455
986
848
835
951
65
433
884
230
706
879
884
424
121
125
122
561
140
905
949
734
689
623
211
310
932
304
430
854
300
944
743
82
834
704
136
93
113
902
308
352
555
411
636
301
550
918
992
132
165
740
743
256
593
410
499
633
356
150
180
750
247
625
251
251
672
947
803
210
472
437
742
96
540
586
537
914
514
886
118
886
773
225
301
608
634
17
758
936
72
147
963
999
210
640
830
993
37
762
764
205
933
542
67
202
694
543
549
626
70
854
679
128
949
312
497
456
637
371
884
186
521
905
522
315
265
47
327
190
322
151
570
233
313
434
656
398
505
24
89
880
441
310
160
846
697
944
303
435
282
175
680
688
840
975
721
926
607
31
148
636
45
833
710
515
199
985
920
867
619
634
479
663
175
772
922
115
589
14
54
167
306
39
996
225
190
369
531
130
776
764
581
98
413
848
404
143
33
995
679
430
875
807
879
64
257
918
556
66
711
130
411
677
697
798
326
773
997
740
879
200
930
531
7
12
962
193
391
704
256
372
121
851
995
371
375
744
5
980
189
175
523
797
151
873
308
259
86
408
119
777
537
994
13
263
599
148
507
541
460
522
739
128
705
891
925
453
860
519
963
408
744
205
5
496
798
477
786
157
540
706
480
184
224
486
183
129
512
815
600
267
299
108
576
915
627
631
480
394
867
858
830
501
66
795
685
233
856
956
676
17
478
289
85
69
608
723
370
297
520
74
323
854
864
571
77
898
133
390
392
651
69
726
503
658
364
707
707
647
294
518
401
878
987
481
601
625
811
696
299
402
979
917
541
763
611
641
453
955
809
111
468
998
372
687
970
742
992
204
839
697
717
154
487
187
607
282
658
348
974
171
841
402
39
425
770
998
790
942
720
776
887
64
33
504
569
698
190
638
517
733
673
689
606
255
792
646
126
93
272
40
811
946
470
799
215
791
196
182
392
219
895
717
942
20
832
34
843
821
369
389
298
603
709
464
367
264
398
962
822
772
364
538
576
824
473
816
482
73
595
160
897
765
166
485
584
690
180
484
381
595
387
897
201
552
329
343
395
449
51
572
589
833
835
511
377
113
829
192
252
700
630
404
353
720
169
690
972
805
191
940
333
690
544
948
473
671
502
470
446
634
876
482
319
17
58
62
131
543
125
614
161
813
79
523
958
848
428
601
415
713
135
766
655
325
881
491
783
399
798
678
525
142
161
266
654
820
402
103
688
613
574
830
285
527
145
898
728
29
168
487
514
172
556
338
656
373
214
929
723
285
149
560
159
208
604
677
882
88
371
675
378
161
145
811
199
124
599
933
570
24
561
976
371
455
581
559
139
95
86
322
233
698
30
79
351
797
141
473
611
361
947
215
579
974
453
799
14
701
226
395
920
562
698
48
502
336
904
724
671
927
746
556
315
740
555
235
650
198
846
77
712
78
96
387
391
970
762
73
657
529
115
741
148
797
866
923
472
717
502
411
808
309
611
6
21
80
434
914
215
456
380
662
461
957
392
141
502
598
4
970
949
261
422
425
241
232
497
161
382
458
831
490
273
440
311
658
369
637
313
859
380
260
695
743
906
559
90
320
813
539
191
706
311
941
323
656
40
674
749
628
936
484
321
541
411
738
176
285
650
781
440
735
882
640
284
703
857
367
243
104
322
934
487
114
732
920
520
168
746
727
710
143
86
196
32
856
391
282
198
455
830
354
92
796
612
234
612
500
700
596
651
652
967
506
859
564
641
302
222
203
325
189
125
703
437
493
581
474
510
186
865
794
498
610
486
903
946
967
166
667
534
174
139
965
317
299
789
147
490
45
913
806
417
574
72
64
164
778
278
480
59
819
878
645
342
750
628
349
750
785
88
768
894
933
210
417
310
418
162
460
44
273
768
168
207
761
716
303
216
987
776
173
205
114
584
597
915
47
786
796
469
691
829
641
66
23
909
956
471
9
406
744
460
341
263
240
157
502
854
449
217
459
445
701
214
130
789
626
940
237
248
603
455
71
998
791
962
348
117
98
50
531
815
847
793
217
347
521
195
843
539
602
175
784
243
404
209
399
462
769
613
564
50
783
226
384
279
947
589
16
3
35
161
485
121
380
817
244
252
345
478
637
72
822
714
647
979
784
216
936
852
400
338
911
509
616
881
828
565
563
648
866
820
98
221
346
876
394
842
136
802
967
109
510
158
984
17
547
442
603
768
980
935
176
235
651
100
662
57
206
283
356
29
303
210
536
821
466
983
763
476
9
687
76
437
613
254
639
565
788
129
183
728
892
105
202
877
244
291
49
639
217
139
761
449
622
480
567
574
1000
173
708
591
51
759
110
97
278
48
389
104
623
636
414
567
134
337
306
356
545
41
47
407
861
287
230
235
721
107
225
537
843
183
813
244
709
770
434
705
224
274
321
833
423
952
758
492
709
462
82
668
803
112
340
726
518
118
718
336
357
953
15
410
673
931
532
9
243
456
611
110
254
88
902
129
303
249
735
544
929
326
44
271
983
488
915
687
58
970
557
461
451
712
447
188
651
359
197
623
686
782
232
6
359
766
199
260
819
816
262
129
465
962
526
185
126
167
989
211
859
170
431
293
148
785
964
373
432
318
495
326
812
254
209
701
281
225
62
186
337
580
846
709
181
22
590
963
486
616
213
668
455
290
89
717
511
648
526
353
409
626
448
554
590
620
82
166
630
203
730
544
844
662
64
616
17
66
307
995
458
1000
421
396
36
916
507
417
347
751
377
604
13
801
623
468
316
113
96
588
1
912
946
936
15
743
456
313
516
580
135
179
955
929
816
108
178
649
928
759
198
981
885
763
89
637
256
676
429
675
299
592
669
376
104
64
824
588
764
270
204
149
908
984
808
602
7
97
482
661
496
740
883
657
995
121
712
67
408
754
343
131
15
290
931
642
678
757
257
947
524
128
727
309
861
24
167
523
736
773
170
183
539
107
328
545
990
787
723
62
148
385
401
774
909
393
840
712
247
441
201
380
576
174
579
76
419
883
603
509
905
627
272
192
237
834
698
254
573
959
462
839
788
683
19
631
549
14
46
51
745
742
878
727
926
283
219
875
594
479
952
420
460
426
828
212
504
805
975
527
299
15
350
25
987
795
789
615
517
544
443
599
17
459
254
400
575
122
430
283
228
441
979
701
494
783
447
456
141
421
419
805
379
216
692
331
120
298
751
766
451
333
552
519
277
276
972
55
502
862
321
559
129
177
552
417
359
835
631
254
3
741
917
822
420
483
276
921
144
13
586
239
184
520
503
894
662
505
352
862
468
865
796
85
911
710
737
216
372
290
672
232
438
116
607
298
400
524
166
280
436
884
784
947
917
92
658
454
565
567
78
608
115
638
585
653
580
530
818
991
715
25
880
966
255
178
382
985
115
408
573
730
360
825
349
741
247
563
342
233
450
908
381
840
805
970
132
708
546
944
544
583
706
954
386
892
166
556
587
870
827
475
441
917
319
596
940
909
765
220
432
807
302
325
189
622
45
318
909
548
875
307
904
113
785
481
61
474
881
23
336
531
144
598
290
940
603
543
38
576
348
507
671
448
841
987
772
177
70
472
162
667
9
873
12
900
523
69
613
303
639
832
592
683
274
143
412
431
565
564
627
732
429
175
278
395
62
901
36
637
374
827
457
612
269
259
230
206
612
610
538
59
590
563
740
30
654
179
501
425
374
602
46
706
136
354
913
394
751
433
291
859
440
777
254
431
499
89
935
47
179
496
763
462
152
825
847
508
16
475
844
859
914
24
496
514
848
351
440
982
906
743
737
594
30
468
690
657
912
82
679
935
905
270
662
654
1000
216
454
250
81
754
663
707
907
968
624
863
994
272
59
669
708
1
132
807
278
477
716
65
774
637
283
428
703
61
586
108
397
153
231
202
588
791
662
834
460
495
996
571
118
759
440
530
508
81
307
442
694
372
579
634
120
515
131
380
839
410
753
582
568
548
978
926
455
64
132
525
434
158
858
948
647
618
538
439
925
841
896
59
478
184
365
854
296
15
83
309
211
332
80
769
101
192
961
301
821
924
533
323
60
652
728
609
915
763
563
689
910
66
391
536
486
176
747
601
471
91
850
672
397
250
974
533
250
218
360
97
434
733
466
365
788
43
338
54
771
721
911
943
51
469
290
679
545
738
325
396
14
354
545
614
3
363
768
128
874
371
166
83
585
469
165
394
264
354
534
531
845
631
55
627
931
374
105
25
364
562
953
527
70
43
995
17
326
516
274
316
898
963
391
802
91
859
990
347
720
191
185
732
730
705
39
158
687
532
693
675
234
657
92
324
950
324
794
420
513
455
316
431
388
16
438
115
338
979
890
549
613
360
94
63
595
795
36
782
533
384
948
260
790
313
790
35
235
654
663
153
474
719
579
125
732
627
848
712
49
220
147
384
79
807
706
808
620
87
220
848
851
406
263
94
955
125
248
752
638
632
557
29
918
944
10
790
264
327
236
571
174
208
402
467
303
804
80
790
705
258
246
430
730
472
748
520
168
172
790
797
953
78
426
94
706
529
583
44
603
172
61
469
757
553
505
867
695
789
695
440
396
223
941
44
474
818
531
189
932
478
449
506
893
907
575
99
668
926
32
106
12
811
158
115
18
427
371
198
444
35
795
888
361
718
801
108
205
508
348
190
737
216
501
614
633
49
867
791
288
334
851
690
379
995
185
324
944
232
862
218
950
345
660
319
725
734
952
558
945
571
196
995
630
16
580
984
944
646
245
329
937
617
812
226
649
358
348
605
620
15
158
462
630
658
893
377
587
637
364
118
793
636
223
480
355
817
797
237
539
825
553
764
455
61
22
398
93
419
549
280
464
794
948
362
97
575
723
320
660
289
202
127
973
542
876
1000
51
520
781
110
430
439
682
898
234
627
961
466
54
722
384
925
977
958
219
251
545
404
849
548
413
57
847
748
663
202
416
643
158
173
765
768
334
951
165
675
439
726
697
971
366
722
968
391
942
512
289
638
69
698
895
215
297
705
190
916
673
461
245
596
1
589
539
724
748
545
217
793
713
354
291
825
352
8
929
871
502
182
427
210
908
219
26
623
708
656
981
793
522
340
940
798
518
784
937
731
704
640
506
349
45
301
752
965
826
193
815
370
442
89
498
475
581
839
401
269
98
201
3
882
51
510
711
362
421
969
492
152
477
480
736
282
564
231
132
187
586
552
331
113
90
517
572
672
159
406
178
201
359
226
383
676
359
829
857
473
652
432
106
138
932
678
841
562
254
2
940
790
462
859
691
190
587
728
939
986
474
984
527
102
79
976
966
857
960
774
681
802
724
607
211
448
116
363
511
659
117
926
416
234
85
246
794
139
606
204
288
704
868
378
914
133
496
293
72
731
598
251
146
240
666
473
772
967
560
50
957
426
262
668
109
361
133
531
950
298
356
872
967
597
845
295
510
918
356
393
498
164
643
666
389
754
643
903
884
719
609
773
165
161
683
731
310
275
864
878
887
606
751
683
18
989
647
903
816
454
107
730
849
425
26
615
504
511
448
361
59
602
237
135
693
761
249
708
204
575
425
617
607
960
201
872
399
532
332
779
962
551
734
905
989
298
341
509
816
760
530
729
356
12
981
284
138
766
780
894
292
186
134
811
689
706
222
397
323
555
459
111
34
504
51
120
781
257
733
598
740
817
50
106
785
166
914
89
368
352
988
701
387
176
868
25
763
303
425
226
942
639
990
638
901
145
346
925
845
982
515
779
606
903
614
927
81
274
195
63
195
143
525
487
693
589
634
395
789
177
161
910
412
972
857
579
50
838
610
669
262
192
658
156
402
275
28
898
604
712
400
842
262
460
771
128
547
156
427
735
8
94
86
640
782
816
239
560
992
668
19
429
272
747
499
974
906
227
411
764
934
513
583
27
223
354
64
305
256
933
138
646
740
374
795
57
957
310
208
236
256
127
70
7
986
554
590
500
851
600
654
765
806
184
535
457
380
749
723
399
594
445
644
181
340
90
94
761
625
982
928
264
146
518
82
571
689
684
49
641
890
515
384
770
200
503
350
868
365
598
369
907
434
743
436
725
285
16
568
79
515
25
759
166
437
555
263
63
421
425
375
241
501
823
405
743
227
767
958
617
543
63
546
294
635
163
350
438
687
114
975
917
57
196
324
194
624
977
19
803
420
289
725
905
708
671
180
558
757
876
903
341
177
291
630
328
527
708
427
930
832
29
624
557
328
934
332
98
700
878
302
757
492
799
515
58
264
1
4
661
598
578
711
931
351
729
400
703
147
529
496
795
480
695
770
324
573
383
408
437
767
262
671
37
146
706
955
567
645
82
325
570
217
68
15
57
941
135
490
192
745
619
41
824
32
137
983
107
155
209
760
868
967
690
947
167
647
627
337
633
975
225
20
497
483
313
167
469
426
690
180
136
795
854
900
817
939
461
496
583
211
365
439
868
400
336
444
309
202
481
11
609
164
960
282
820
762
339
980
734
503
70
330
311
817
425
1
881
793
302
363
667
601
514
710
214
887
982
785
463
818
57
137
92
532
391
983
244
494
14
473
854
884
255
345
592
923
513
980
676
36
358
458
522
601
854
506
128
364
840
87
670
524
663
879
918
591
913
53
777
249
633
3
883
783
694
10
237
67
574
325
877
35
792
573
925
198
575
954
912
991
921
446
564
714
483
387
112
750
44
438
65
997
836
631
364
558
673
745
243
799
968
759
483
959
972
128
994
757
922
16
480
122
531
67
411
352
574
892
4
930
535
317
763
545
402
182
521
775
785
7
365
978
364
266
726
666
904
575
694
714
443
902
103
541
970
553
50
884
652
715
229
474
299
304
3
507
170
817
576
653
382
128
907
985
498
924
593
36
545
147
546
380
786
997
475
239
790
726
959
68
64
436
459
77
387
533
603
575
742
693
56
77
905
311
301
444
107
658
941
157
956
996
429
153
678
42
854
829
277
628
948
669
995
620
22
369
736
432
528
754
505
421
259
661
373
982
132
887
509
533
738
920
23
426
224
494
380
820
360
409
178
717
351
476
682
574
132
755
186
676
923
912
325
701
411
636
854
914
813
440
974
874
222
769
629
600
712
451
30
447
411
477
708
338
691
259
512
454
680
938
784
421
238
204
932
797
348
274
152
14
975
412
490
246
312
803
44
889
513
380
373
445
297
48
336
466
767
991
339
397
596
642
988
239
864
904
744
789
531
856
367
793
931
676
679
300
359
832
997
411
889
961
119
394
930
353
775
938
371
924
656
278
476
89
409
966
470
303
122
774
45
784
855
175
602
343
444
414
493
551
522
765
544
460
389
735
604
405
104
607
196
353
775
703
242
355
81
278
261
152
104
668
720
277
159
451
911
608
110
399
551
728
969
918
695
887
109
900
97
296
739
728
718
448
197
770
254
526
934
280
664
340
792
739
108
869
185
926
61
330
778
15
658
457
866
65
393
847
112
314
820
952
858
363
970
235
497
153
475
752
239
825
796
24
269
630
580
204
182
381
789
503
154
461
712
275
93
2
86
891
223
522
281
179
516
587
329
744
26
341
373
354
510
858
219
35
927
350
365
350
47
438
801
582
36
197
531
699
203
431
513
430
993
489
497
861
395
72
353
46
417
583
260
318
227
700
559
910
216
561
769
961
541
680
948
173
249
324
378
558
791
462
114
485
324
8
656
190
880
33
660
105
395
144
333
397
757
741
975
362
789
890
306
576
345
567
667
130
403
133
321
491
318
38
813
306
242
569
845
308
674
128
459
303
945
384
283
647
438
553
240
87
161
228
342
444
197
89
490
112
936
54
80
892
969
597
14
774
547
214
958
955
248
837
924
382
926
441
491
730
499
927
710
545
420
128
846
799
235
699
167
757
298
436
698
906
907
799
738
980
612
752
248
107
465
582
894
877
903
478
18
32
447
697
564
202
291
120
500
83
72
729
536
742
227
333
823
488
853
812
433
215
49
830
332
814
48
379
298
356
383
59
490
475
474
363
430
157
763
530
328
113
36
431
510
970
820
974
199
629
270
345
946
510
480
722
479
640
551
496
644
437
81
845
817
588
626
701
436
755
862
741
954
47
488
46
453
410
290
145
953
648
174
250
282
428
720
738
904
661
433
47
930
811
592
673
188
180
683
875
565
636
254
606
888
417
676
243
673
444
393
696
984
659
930
152
710
400
975
986
733
896
709
549
162
529
149
564
873
686
352
607
705
207
862
748
621
327
345
511
348
534
454
57
847
664
888
391
626
929
30
136
535
558
355
353
81
224
665
723
108
22
585
632
286
628
779
429
514
170
843
198
611
114
817
502
434
289
291
407
542
269
852
793
268
138
892
312
145
224
51
673
107
654
153
889
423
606
424
671
39
7
595
215
528
706
669
566
339
161
274
238
959
762
497
333
931
134
421
967
953
792
410
143
303
79
630
778
6
411
53
521
692
57
228
610
153
361
438
396
64
769
823
595
999
507
923
884
446
743
153
714
988
399
339
104
617
117
157
728
240
339
930
650
218
706
283
521
176
427
789
231
665
480
508
525
851
681
115
32
171
128
167
545
602
921
704
623
235
482
392
293
740
35
57
671
646
669
46
139
16
50
831
263
767
278
138
410
257
528
894
534
98
933
403
271
771
295
765
660
453
876
641
844
289
572
495
79
383
301
302
424
985
684
641
160
509
373
798
485
106
712
100
272
696
861
335
746
889
985
774
633
220
290
815
265
200
457
556
779
517
883
899
76
363
1
51
594
541
281
11
860
484
667
422
905
629
408
758
55
167
432
1
833
671
361
717
539
636
85
537
8
154
201
982
386
908
762
871
737
521
523
736
143
665
985
419
239
787
452
320
286
374
398
826
310
75
550
977
31
808
316
473
442
828
359
335
155
366
57
163
395
18
471
723
152
182
135
62
888
487
633
175
562
707
11
682
297
380
788
44
835
754
234
853
627
380
111
835
418
103
569
166
575
678
960
699
888
120
639
712
468
714
212
96
854
669
596
789
865
175
157
959
637
241
990
710
391
57
665
448
314
821
240
250
108
737
483
752
318
303
797
530
627
281
756
156
624
93
731
848
332
139
52
360
12
828
454
515
616
790
1
358
197
59
962
931
385
448
44
857
319
975
222
47
777
864
23
594
331
94
902
340
366
145
262
741
415
673
59
643
116
780
16
482
891
71
510
847
188
421
774
291
833
649
160
140
792
207
635
392
204
834
668
610
778
66
617
139
676
190
449
225
627
278
3
791
335
324
105
867
340
369
490
785
75
305
735
290
28
26
466
740
5
533
689
884
317
730
365
795
731
511
262
495
910
373
629
287
851
354
177
609
374
820
935
1
822
663
313
882
326
152
839
279
903
284
945
650
958
90
349
196
696
325
456
858
211
207
545
807
440
285
529
763
660
535
606
729
141
828
63
888
754
892
464
638
154
695
261
264
524
272
662
527
582
826
164
611
222
327
177
599
850
195
857
498
240
42
51
570
711
608
973
107
805
90
197
158
717
671
667
717
886
790
309
797
691
587
327
768
572
264
171
123
213
319
625
732
688
590
586
952
861
141
770
118
667
456
916
918
428
434
593
938
518
131
833
318
408
726
77
489
635
945
682
367
657
871
944
454
105
876
692
493
867
883
416
804
969
614
596
798
708
175
698
918
362
200
36
873
735
31
53
528
730
887
804
234
132
297
772
709
311
478
348
837
603
143
412
756
854
770
255
92
691
91
784
860
630
173
267
43
166
980
40
570
612
150
699
512
6
667
153
586
284
279
722
164
157
703
438
212
720
848
177
205
634
822
328
719
63
277
904
278
607
300
646
818
660
537
922
110
492
754
815
297
733
939
43
907
156
774
330
842
368
101
550
40
286
10
937
565
495
483
723
376
470
675
690
427
429
831
611
422
10
734
532
781
807
972
856
784
584
982
566
250
248
897
44
787
786
948
731
649
741
17
355
824
494
397
936
268
689
683
644
608
688
520
140
815
332
394
632
888
436
810
750
296
968
860
824
525
864
408
31
945
711
697
682
825
226
217
53
422
793
647
128
809
812
855
643
519
515
255
133
91
591
961
791
646
585
315
594
452
703
770
106
489
234
173
261
987
623
976
228
600
387
232
632
744
353
180
862
653
857
59
392
1
709
495
588
216
787
381
739
781
450
977
2
936
86
461
873
875
353
717
234
843
278
448
169
767
552
359
657
487
477
40
419
555
185
510
489
653
409
862
941
95
399
359
497
215
972
202
506
760
950
105
304
297
521
509
450
190
700
558
295
147
948
375
310
85
614
970
728
644
702
418
400
627
950
646
529
433
687
116
137
511
530
450
581
938
134
973
179
430
51
807
457
389
782
400
175
783
896
439
158
790
138
536
48
986
982
909
734
974
344
900
413
545
34
125
252
720
77
269
749
225
393
574
37
946
954
101
874
331
563
91
732
636
358
595
213
80
228
16
866
930
385
212
369
51
484
492
823
638
959
353
797
691
716
996
275
748
130
154
502
757
372
639
907
411
750
421
548
590
134
983
831
333
902
778
388
96
466
859
15
121
735
889
484
901
456
328
832
580
148
765
881
460
952
284
557
299
117
56
851
587
166
51
31
755
17
432
284
812
45
286
195
709
449
212
776
356
764
201
809
936
489
927
37
205
351
914
20
764
341
941
263
369
745
934
688
782
530
149
300
874
10
364
655
380
508
750
589
419
624
328
94
994
611
594
798
531
958
844
53
792
801
656
867
407
174
117
259
677
714
704
285
980
604
107
648
909
999
797
749
913
613
634
847
802
773
990
194
880
954
685
988
702
509
762
788
728
941
874
722
866
549
214
170
861
158
159
437
491
783
12
820
572
91
82
760
887
197
414
851
183
894
209
534
339
423
275
18
237
877
643
149
204
671
93
642
964
214
424
487
52
559
889
683
647
846
890
812
579
683
998
120
221
36
814
910
280
752
506
850
814
177
537
647
592
340
534
291
589
725
892
229
536
132
211
65
681
577
485
890
738
421
380
319
884
230
573
185
71
761
83
634
805
310
485
575
126
382
583
386
169
322
376
343
127
743
943
356
517
783
491
123
626
616
235
683
6
940
301
453
261
14
844
854
532
972
912
991
92
804
177
756
323
391
56
204
712
825
955
239
658
656
951
200
844
428
401
943
160
816
480
619
960
805
991
678
655
629
630
45
489
140
140
407
354
471
17
955
904
320
702
53
830
271
512
93
63
478
836
453
940
282
522
284
850
57
959
471
71
287
233
122
358
78
209
168
606
335
207
313
229
995
395
232
396
332
440
767
485
739
505
447
321
356
43
500
794
686
370
7
492
308
546
857
11
1000
79
7
279
66
752
805
369
299
646
562
96
813
611
446
754
26
313
197
791
405
534
4
696
863
923
459
88
518
75
216
226
193
472
562
252
629
513
736
860
694
937
253
145
